Row,Body Weight,Heart Weight,EndoEpi,HR,MBP, dPLVdtmax,Average Flow, Max LV Pressure, Min LV Pressure,Flow Pulsatility,dPLVdtmin,LVEDP,Venous O2 Content,O2_Extration,Hyperemic Flow,CFR,Average Flow- HW Normalized,CCV value,CCV percent,MSE,Mode1,Mode2,Mode3,Mode4,Mode5
OSS1145,52,195,0.534166054371785,79.4246128050126,98.0586751750351,1298.701,34.9137848135809,112.012987,10.064935,72.422681,-2056.27699999999,19.220231278481,2.2,0.82258064516129,NaN,NaN,0.179045050326056,1.83333333333333,0.00242686316904205,0.0243022356326739,0.0457909110246967,1.09243378136693,-0.060715251772463,-1.33356124470922,0.295577453201342
OSS1146,67.5,218,1.10064239828694,68.8336520076482,89.6405939020268,1406.927,43.5376544759081,118.181818,11.363636,87.693299,-2489.17700000001,21.110170057971,2.4,0.813953488372093,NaN,NaN,0.199714011357377,1.06666666666667,0.00122370936902486,0.0338888674528239,-0.258586576569079,-0.456719977550642,1.74568026572892,0.305683945349063,-0.243989520091793
OSS1147,67.8,254,1.39291465378422,58.0645161290323,102.70056872,1839.827,34.6277955316774,125.324675,10.606061,76.159794,-2705.628,25.0685424666667,1.7,0.860655737704918,NaN,NaN,0.136329903668021,11.8888888888889,0.011505376344086,0.0656639196782506,0.284673223888504,-0.924546606659171,0.735343939729219,0.376506558075181,0.231512966766183
OSS1177,74.6,277,1.01717791411043,56.5220121836337,121.041325233655,1460.19799999999,40.0892966573509,151.456833,11.271112,107.590454,-2287.86700000001,24.2918905178571,2.4,0.836734693877551,NaN,NaN,0.144726702734119,20.0666666666667,0.0189034729636375,0.115896360406104,0.269707871584943,-0.411745492865533,0.829056850643262,-0.257724541999121,0.456839124089973
OSS1178,68.4,225,0.954204204204204,63.5974984983924,112.892888183437,1823.565,46.2756362382349,145.414171,14.474127,117.502321,-2442.635,31.7513403,3.5,0.78125,NaN,NaN,0.205669494392155,15.0622222222222,0.0159653275860038,0.0800174729892908,0.785662312064585,-0.361616742059124,1.03415089283039,-1.40492237122105,0.624715498948732
OSS1179,72.5,222,0.913625304136253,57.6756704796693,116.787259605479,2079.268,64.7593944093238,147.48671,5.497611,145.914578,-2792.54399999999,22.2535495333333,3.3,0.795031055900621,NaN,NaN,0.291708983825783,3.9,0.00374891858117851,0.0438531519470563,0.237776487352129,-0.578691358729494,0.86281484283663,-0.0667105226039086,0.637162740425885
OSS1197,55.7,223,0.821022727272727,56.1569899853368,113.49399290672,3001.548,54.1436620588693,146.550912,10.155461,134.56621,-2133.388,19.6100488035714,5.4,0.625,NaN,NaN,0.242796690846947,9.79555555555556,0.00916814858723573,0.064727707246789,1.49932381827211,-1.19919156615717,0.059435304174209,-0.712819030464641,0.526440488855944
OSS1198,63.6,237,0.898550724637681,92.9704044212592,106.825149874083,1131.00900000001,88.1773498498089,122.862529,20.499529,186.544901,-1696.513,41.5927211397849,2.8,0.820512820512821,NaN,NaN,0.372056328480207,1.61555555555556,0.0025033142227502,0.0322766347011145,-1.2949949282473,0.570495903101786,0.84618377665634,-0.954279182310501,-0.285716190138339
OSS1199,58,265,0.769832402234637,83.7754817090198,101.554885563716,774.202000000002,93.5167248478544,119.126161,15.982227,192.161339,-1824.425,37.5618520625,4.4,0.719745222929936,NaN,NaN,0.352893301312658,2.04000000000001,0.00284836637810669,0.0325604133187453,0.187364323184642,-0.0387323559294142,1.29502476362265,-1.34925501468622,-0.0607492751938972
OSS1201,58.5,237,1.24463519313305,51.9405569181936,168.915211041638,2046.17400000001,54.6307719720107,140.539813,9.241435,138.03653,-2429.832,23.9151017,2.4,0.843137254901961,NaN,NaN,0.230509586379792,15.2666666666667,0.0132159861491848,0.0575218334873046,2.21086043078203,-1.33420747208125,-0.533436143076153,0.0162415302797181,0.335323102036529
OSS1169,57.2,217,1.21654135338346,96.7429861335053,108.214609399065,1367.543,48.5837254843061,102.324824,5.379005,113.778904,-2005.731,8.99702611458333,2.6,0.815602836879433,NaN,NaN,0.223888135872378,2.32,0.0037407287971622,0.0731334767803209,-1.13573245261908,0.576615711761031,0.815811552039,-0.445329693514666,-0.0849652984971461
OSS1172,69.2,255,NaN,61.3580583583311,111.077864363717,1999.05700000001,40.8533583663077,121.942519,3.446187,107.4121,-3190.41499999999,12.5741909508197,1.8,0.854838709677419,NaN,NaN,0.160209248495324,20.0177777777778,0.0204708662848832,0.078216080379254,0.71074047524155,-1.39309719642715,-1.7650853473725,0.26914676620339,0.151114966829043
OSS1193,41,161,0.443134535367545,76.7296133680038,100.046370541901,1871.424,44.3791515832481,127.337597,4.71895,113.014546,-2255.132,10.7375684736842,3.3,0.777027027027027,NaN,NaN,0.275646904243777,5.42888888888889,0.00694260909103827,0.0697450554628682,-0.0747267079451846,0.592720350861382,0.67726559618911,0.324424968140596,-0.148470085777979
OSS1194,50.1,175.6,1.0199370409234,58.3790095028054,147.087665804016,3641.87099999999,51.3836595078486,188.710872,5.748906,119.885484,-3830.36099999998,13.4754605084746,3.6,0.764705882352941,NaN,NaN,0.292617650955857,22.5866666666667,0.0219764537995005,0.0940105046514872,-0.124603219324617,-0.918741234950897,-0.467291475868997,1.07050646663511,0.33918780451861
OSS1195,41.5,180.7,0.640977443609023,46.6841299893664,127.967061641242,2908.11199999999,30.7981762184242,177.569842,13.847189,89.476942,-3338.943,27.3904263043478,6.6,0.604790419161677,NaN,NaN,0.170438163909376,15.3555555555556,0.0119476791935749,0.0583283504720523,0.774685073181348,-1.16249563972491,-0.799632439454334,0.51230528476229,0.182474094852063
OSS1196,46,175,0.802325581395349,46.0216813254244,127.399152015494,3103.33200000001,27.5619388794232,174.54729,12.635476,80.996596,-3130.259,24.0948003913044,5.6,0.737089201877934,NaN,NaN,0.157496793596704,15.6888888888889,0.0120338174132406,0.0642357464731491,1.07594372215279,-1.29335850117622,-1.44277636134192,-0.0675312573837661,0.0240833741781538
OSS1202,34.1,123,0.966926070038911,64.4652961822219,96.5913597681397,2436.88999999999,23.8766835136093,118.909458,6.900034,80.594243,-1157.86,11.25704728125,2.3,0.850649350649351,NaN,NaN,0.194119378159425,5.48444444444444,0.00589260559176754,0.102674806389571,-0.43074275957314,-0.836145857532784,0.130934783877002,-0.61772918281869,0.828144221417427
OSS1348,71.9,231,1.34418604651163,76.0167236792094,79.336857593201,2200.722,27.2508232375844,100.097993,0.595539,115.629025,-1871.32800000001,8.09773933333333,8.6,0.497076023391813,71.17,2.61166421944428,0.117968931764435,3.53999999999999,0.00448498669707335,0.0679280435049162,1.60535354970571,-0.677921170848262,0.219015846552459,1.29871735430016,-0.164746213505892
OSS1349,78.1,295,1.29471032745592,71.476789897947,128.412390010245,1217.307,61.0415013253255,145.929528,3.197507,91.252868,-1815.556,16.136017625,7.4,0.525641025641026,160.25,2.62526308365082,0.20692034347568,3.48222222222221,0.00414830110259565,0.0353084834856903,-0.307082663729992,1.695285873466,-0.955388665487139,-0.161222043900354,0.664346031415458
OSS1350,75.4,220.1,0.957915831663327,64.7435436299547,94.0059272965254,1641.915,13.5928231038774,120.67498,13.231881,44.029043,-2391.19500000001,22.7235634,8.5,0.401408450704225,34.58,2.54398955505688,0.0617574879776348,1.33777777777777,0.00144354123204565,0.0596855279739196,-2.73038503281161,-0.253573369786109,0.00416305680497016,1.23170583226287,-4.84484795896939
OSS1415,69.7,206.9,NaN,103.57923811716,105.101000997698,2019.843,18.3399850159973,106.42512,-4.787432,54.187737,-1858.256,6.96805417142857,9.6,0.445086705202312,NaN,NaN,0.0886417835475943,3.93333333333333,0.00679019449879158,0.0763121238649261,0.656557971242711,1.03757169471144,-1.21101327941573,-0.912614867962612,0.0331239970004168
OSS1416,76.2,257.1,NaN,90.139716560669,208.428441461192,4161.203,77.4995985751626,177.220159,-5.872793,129.199475,-4200.46000000001,1.76524005555556,NaN,NaN,NaN,NaN,0.301437567386863,2.05777777777778,0.00309145842722887,0.0543776988101595,-0.345853952675928,2.28200688848661,-1.92282026045907,1.82032558701625,0.87449305655898
OSS1377,73.8,196.5,0.838196286472148,38.142866224492,149.022266925072,2774.69600000001,24.4419809804628,188.870411,-4.385954,42.676546,-3379.006,8.36915552631579,NaN,NaN,137.81,5.63825003014918,0.124386671656299,23.36,0.0148502892500689,0.0936883458669698,0.757342771222224,-1.38536372551116,-2.38524620863604,-1.25289555136029,-0.409879388579068
OSS1379,62,194.4,1.35,78.4484637175855,79.301608813693,2095.339,37.2334804480519,92.654562,-5.899025,106.76187,-1842.156,1.40606057692308,NaN,NaN,NaN,NaN,0.191530249218374,1.14444444444443,0.00149633180794653,0.0465612848888179,-1.2249472928515,0.566673827572111,0.689573278963286,1.89220321835626,0.501592171132898
York1359,NaN,268.9,NaN,77.4593338497289,102.609838093468,2871.83,44.0231335253034,111.358382,-11.617232,93.873358,-3207.908,7.41349294871795,NaN,NaN,NaN,NaN,0.163715632299381,6.05333333333334,0.00781478612617265,0.0711973237317843,-0.309362514281514,-0.36773743449329,0.78133466715625,0.131340262568085,-0.198024345710658
York1337,NaN,NaN,NaN,125.418060200669,90.386959421544,1844.269,37.8541803596014,111.323813,-2.620282,95.599585,-2862.71599999999,0.865959433333333,NaN,NaN,104.74,2.76693350655084,NaN,0.519999999999997,0.00108695652173912,0.0632501514474867,0.247765832728585,0.511648888006411,0.624791878885828,-1.32839374464614,-0.626848549038063
YorkD1,NaN,NaN,NaN,115.949497552177,111.824030791549,3087.85,80.8656120595207,176.441699,3.62943,182.013262,-2932.28599999999,6.73018453846154,NaN,NaN,150.64,1.86284374981447,NaN,8.22666666666667,0.0158979644421541,0.0871990605452003,0.858452591812998,1.40448517479053,-0.346671023390149,-0.706408247086553,-0.492011152638109
YorkD2,NaN,NaN,NaN,104.196816208394,87.2495041752143,2908.643,16.410852050301,109.266913,1.944857,61.373131,-2872.995,13.6233912948718,NaN,NaN,46.92,2.85908372436637,NaN,14.7222222222222,0.0255668113844669,0.0694807051882067,-0.643022604166394,1.15296991305792,-0.513618756030248,-0.488530495102419,-0.505853258553064
YorkD4,NaN,NaN,NaN,107.739270964266,87.4830797544889,3762.467,22.5825080166986,115.884862,2.825029,76.792266,-3525.802,14.8132435961538,NaN,NaN,60.76,2.69057803300993,NaN,14.8,0.0265756868378524,0.0815710411286999,-0.768978550794883,1.20670206488712,-0.521055649589067,-1.08497530640341,-0.719383445570545
YorkD5,NaN,NaN,NaN,83.8926174496644,123.521958769295,4086.979,39.8380565938665,135.347877,0.626728,59.21929,-4881.52699999999,8.8621824047619,NaN,NaN,82.45,2.06962906952379,NaN,2.93333333333333,0.00410141685309471,0.0526743171517411,-1.17797917294332,0.320043132635257,0.121805500529267,1.18528893203158,1.19972506783504
YorkD6,NaN,NaN,NaN,98.6031224322103,94.6513785149538,2716.409,37.5583761886503,108.870141,-7.474207,76.241435,-3148.421,9.86072483333333,NaN,NaN,104.53,2.78313416626323,NaN,2.16666666666667,0.00356066831005204,0.0719110198590752,-0.188152668550972,0.190923830000265,0.642102013433333,1.01600676846597,0.312369371891402
YorkD7,NaN,NaN,NaN,88.9328063241107,118.444945326877,6425.819,49.9266121378952,135.919822,-16.572665,88.303536,-5496.30099999999,0.462888753623188,NaN,NaN,NaN,NaN,NaN,6.91111111111111,0.0102437417654809,0.0890792804492924,-1.19285026835705,0.393308667777769,0.810262051241676,1.69449882372704,0.567259150309862
