OSS1145 34.913784813581 -5.8595474899243 -1.91785271375722 -1.1044849393175 -0.474656140872869 -0.977838130718633 1.78836943489757 0.169391740033223 1.09626751093525 -0.0536419062114941 0.0962788623025272 -0.13110708200257 -0.0914603851760334 -0.0448000869415585 -0.0676410991250233 0.0231182479729097 11.1542910930277 -1.69883867986029 3.25160169874892 0.658293737798002 0.354002222701048 0.0757327690310112 0.549630623907496 0.20097994254986 0.13314859767613 0.0469566100732657 -0.32885243965149 0.0628854534963116 -0.246271379305697 0.0866672148124824 0.00608320069042426
OSS1146 43.5376544759082 -11.1493456909919 3.81356187236652 -4.85920415160736 -0.442113416515317 -1.06528356149576 -1.88906021582131 0.530242569618807 -0.352538627413476 0.531025226570834 0.752432075310705 0.232069224638018 0.52074405783573 0.361125224483782 0.0970498787097355 0.277449246798664 8.36443629944136 0.363814353895081 0.80236318548411 2.14375487694015 0.103044938310342 1.14226041874635 0.927477502767223 0.36465897117144 0.841292383080241 0.168278261688211 0.179970935266701 0.310039589768676 -0.0945004173423702 0.0286318321520244 0.00721873783806864
OSS1147 34.6277955316774 -9.84637595235438 2.47065378305262 -3.26377048528737 -1.06866199026564 -0.466741738164416 -0.847308485562192 -0.404471773992398 0.321137992207874 -0.251608716050427 0.0781673608916662 0.121791658667806 -0.303624549122974 0.00982613867596195 0.0062833514718816 -0.0802712843509499 5.56928072195339 2.66187785428469 -1.2074523969574 1.82001940593983 -0.0666775773709732 -0.339695222492471 0.761092955144773 0.304859559364016 0.590754569148007 0.961382240792669 0.374710648057235 0.426080374587396 0.313695717527514 0.0138328271594982 0.0218277027149966
OSS1177 40.089296657351 -11.6344713585501 2.53233613354078 -3.89481644528746 -0.425623550596978 -0.891605336599591 -0.707560103803736 -0.15149809554426 -0.0820394465662471 0.0226468702413881 -0.0275862490097948 0.0854106722645047 0.0582003504361223 -0.112922824047749 0.0199433924125655 -0.0904523157404332 8.63117651450129 1.37513879791736 0.738733907474249 1.05195537432491 0.173887152834019 -0.0401232203526632 0.258978982721382 -0.063213786071385 -0.0187352288474048 -0.0687887107720007 -0.0786887619588241 -0.252659205925105 -0.133528655433784 -0.0797138741080666 -0.228506488498507
OSS1178 46.2756362382349 -13.4985428564726 1.38135219648657 -4.79030435094967 -0.51430551707372 -0.397257851778546 -0.931458041344482 0.32366587610829 -0.604949772896569 -0.380258397889645 -0.323766771680046 -0.282879623516636 -0.101988187570558 -0.0499788782696363 -0.0409934547784854 -0.00501018471889834 8.77256146728427 -1.02407662896559 0.354716097356042 -1.08574800451179 -0.637869739588642 -0.75669161535061 0.00506161781546849 -0.481866118445466 0.011234873457861 -0.300403241739334 -0.248608910962986 -0.116586012760837 -0.146010579988521 -0.0236123108412047 -0.0178199877131839
OSS1179 64.7593944093239 -17.8579780931551 4.187292916984 -6.20817505499959 -0.429808164208596 -2.09373426521596 -1.14992476721576 -1.38930628543091 0.186737156387667 -1.26309472214749 0.0278826218487053 -0.426026680370509 -0.847015636793689 -0.332536655337003 -0.58969456587938 -0.881140404641749 12.3712175812241 3.03959832056927 0.0344167501168106 2.75212858265708 -0.539660511162963 -0.60600037266684 0.509135120459591 -1.28463815661551 -0.0717991519835393 0.145067081832434 -0.201768074932625 0.280909979854206 0.360426985124289 -0.169139421918501 0.226484413126704
OSS1197 54.1436620588694 -16.1283574859383 1.4495264956827 -2.67004162734414 -1.35231202851634 -1.88015023375089 -0.221242905010287 -0.4882768062791 -0.45971569133937 0.131757606887644 0.322536122213258 0.215863313238325 0.114424389473556 0.347277864561047 0.326573245524874 0.20066026256031 3.55461876913464 4.36234054051471 -1.40268152147021 0.986137277689108 -0.842386261008087 0.424078416223277 -1.79543270970859 -0.315524345445383 -0.934313968005175 -0.491748801995104 -0.915248032480599 -0.247773376637781 -0.270697887954518 -0.169253801804091 -0.188429979109973
OSS1198 88.1773498498089 -21.7607314558175 -0.541555125064156 -5.83968727018365 0.804062634327396 -3.34899470606822 -2.04754575410174 -0.244783667696476 -1.12421443441494 0.450127634161158 -0.307422846354517 -0.166694074778306 0.392546255281297 -0.304006480197436 0.331167874970992 0.0328850244397449 27.5909698848287 -3.77251024903391 5.83307106071092 4.15943764877429 2.47437109731541 3.36417856514728 0.704850059435078 1.43354487995155 1.01962631268523 0.356909913915151 0.664151956130478 -0.00212451492882143 0.160997078693601 0.202647131230507 -0.183175502689554
OSS1199 93.5167248478544 -24.5648817071236 2.15104032591645 -7.3791005792852 1.48411935657708 -2.47690441352592 -2.19010771556103 0.257640613623078 -1.5576122874227 1.20967575545897 0.0344821861173299 0.392847763286417 0.521342368950312 -0.158823930338703 0.680880068552499 0.0260763515967553 19.417035088825 -4.98739489713955 3.4175118272858 1.12726063757535 2.41258549800558 2.69001084153245 0.767284033212403 1.04978824827162 0.696326217578415 0.134248295607436 0.891669708472224 -0.314581082483177 -0.128543797211249 0.0409696890124103 -0.485381829299952
OSS1201 54.6307719720106 -16.3618696011091 1.75762939500228 -0.846673289217343 -3.43229500093625 0.311509437768874 -1.15920749609876 -0.59240794770134 -0.971790130866772 0.273978028014055 -0.713993640050235 -0.30435088493394 -0.0126142605126498 -0.205216568587214 -0.197375853538796 -0.0377420248124073 1.5848058260638 6.76276557526046 -3.27345067343592 2.16170800278042 0.185147890642443 -0.229945282959204 -0.572284816358252 0.138011758757817 -0.53989633351596 -0.666426698735743 -0.0757654669329375 -0.268736768359535 -0.399988408527245 -0.0632632130263017 -0.113153694811158
OSS1169 48.5837254843061 -11.9797621996452 0.209334044270017 -5.60799768257876 0.0434472070019958 -0.901123984794254 -0.074302675490717 0.179193687707038 -0.353450090970431 0.597885937073396 -0.138884964981779 0.208317110204042 0.0326490955737819 -0.000393296369581908 0.131248360201657 -0.0547372193766462 17.1202926757849 -0.0127872311910374 3.85797957261281 1.40098117277306 0.107471291058418 1.89475811317567 0.292144700513609 0.899495526125492 0.445212264730606 0.0109631835359188 0.323957847059444 -0.0877377324099886 0.189679083808473 -0.0365114478793238 0.0134506529091482
OSS1172 40.8533583663076 -13.5505819328751 0.458304594209337 0.764329340663232 -2.94469130526603 -0.605522828238213 -0.184279236391697 -0.580031558390993 -0.869722909213225 -0.0458222978947787 0.0614592980919859 -0.31153656928331 -0.00526830224458461 0.0933826572052108 -0.0609234702427354 -0.015311768531086 4.40569832697818 8.12439691550868 -0.939939950202699 1.0415966909994 1.71548467567309 0.429543528867209 -0.0264811214541314 0.60654235039115 0.803589446685303 0.144513896368431 0.214202034730681 0.419936210921136 0.0888925398861217 0.0548942548248577 0.139829129633107
OSS1193 44.3791515832481 -8.8658327652472 2.41739044483714 -3.04991788809098 -0.9700283646984 -0.706029398033691 -1.50188182380368 -0.150817939131335 -0.361110223683125 0.282452123538158 0.139106377821006 0.400275981801194 0.427910830909124 0.301714984201693 0.319951357931448 0.121031706202434 14.4829631735213 -0.1795411771966 4.25630328201164 1.22036550755869 0.528026996171582 1.91088968468271 0.0797431297053899 1.29730127475554 0.673240961582958 0.492425720337869 0.756668083593587 0.169554329261095 0.273223046730635 0.0253810344438016 -0.0736726757238836
OSS1194 51.3836595078485 -13.8511554104832 2.67945555238796 -2.42588074004939 -1.86563388206611 -0.325014483131258 -0.427836454935457 -1.02243588724106 0.0166374538467256 -0.0395639985961657 -0.433391202609774 -0.0833737437863879 -0.10744487873692 -0.180698262897691 -0.111244780425739 -0.0560381087842129 8.94452722060807 6.99573838584754 -0.592002934711764 3.47568155971535 1.02223426533927 0.250912219338796 0.408058842272248 0.721795771522707 -0.0390754432882061 0.356727442789748 0.313068941903971 0.127431179537972 0.0599631893343555 0.0759430124157544 -4.1473864443261e-05
OSS1195 30.7981762184242 -10.1009533168848 1.04627422334718 -0.946938875686949 -2.35322481002168 0.0783458571908581 -0.881461199327055 -0.868366945639081 -0.741269432802762 0.231273856753534 -0.748384821771139 -0.126759305535406 -0.0496506568056656 -0.497754148431773 -0.295303899524978 -0.144569410689668 4.22415031212511 4.6717472339305 -1.01941877760326 2.10872266518724 0.580735635390425 0.0332841273044428 -0.319104036628803 0.527503145030946 -0.346043931230997 -0.23393548180547 0.337750324044578 -0.140683917296711 -0.0121587922549857 0.297226143878873 0.0244334886812757
OSS1196 27.5619388794232 -9.08168533436872 -0.116690312205482 -0.17060436389686 -2.57796678041546 -0.315955134249623 -0.648135931803645 -0.474215044346121 -0.942519333700941 0.173846124168519 -0.0954854697157667 -0.402543211724353 0.0646039511129192 -0.0881449177582898 -0.274522019336579 -0.156827083187573 2.71927089957678 4.60590066370828 -0.666376589314111 0.938747312874302 0.8947852200117 -0.176157312852708 -0.518292314529254 -0.156132821350221 0.153294337654046 -0.64367567622946 0.015742815726338 0.0334499331977972 -0.241902102003586 -0.108058575179061 0.00303659307168668
OSS1202 23.8766835136093 -8.31527937752755 0.952218799085654 -2.50989171878365 -1.01854826078003 -1.07934440081083 -0.280671438251574 -0.00682360716264186 -0.0581791467881027 0.342489126035409 0.272576491165519 0.154389200961306 0.165741504045613 0.215419531995573 0.125901319069202 0.0936445777171179 5.35715735278331 2.47491655978595 -0.291371249156338 0.0486508513658257 -0.0654722737374968 -0.772403528953697 -0.571128542124347 -0.541115158710019 -0.268406862995821 -0.309760323729668 -0.228893518879025 -0.0138964403239895 -0.0456003495943649 0.000179034588383455 0.06568696558351
OSS1348 27.2508232375845 -11.6966282489361 3.18489678340462 -3.86019657369259 -1.78223389109361 1.07528397154338 -1.69119230275932 1.1218153528332 -0.141140173909912 -0.0254336064922313 0.284940686010557 -0.219975130028178 0.0626633573144002 -0.0187101626720183 -0.0423568474285289 0.0145688446167598 6.37372081044081 5.49086186414063 -0.184348103661826 4.90947365381247 0.167744109663743 1.23306061064937 0.81411249260448 -0.699101049555171 0.359270597516817 -0.288812799572922 -0.0858542483261487 0.0667632140898604 -0.080566018891561 0.022392900161772 0.00915099099864632
OSS1349 61.0415013253256 -4.26694147143157 -2.61474212940015 -0.0830691704856334 -1.01897269591937 -0.81325159180846 0.164917450699941 0.519213803987073 0.453794014576103 -0.309072464839693 0.154813430366202 -0.355753476885562 0.00747275492441705 -0.147638836704585 0.0651156877389685 -0.00590987553700578 19.7338766976807 0.0863069285268612 4.44599598017274 0.370660897254563 0.944666397340319 -1.3190626423778 -0.291748872903568 -0.145231685425109 0.115302307140009 0.157710665554019 0.257973719844053 0.174174933001405 0.0108018719966366 0.0696184446767088 -0.0711570070764948
OSS1350 13.5928231038774 -3.49041559008928 -0.462125392347351 -2.0780320609183 -1.29576232583948 -0.610839915963186 -1.3829859899344 -0.21152329991614 -0.28092976697527 0.123783828348864 0.455872393105157 0.143795612963549 0.463569518853182 0.168681509035644 0.136463949148243 0.130284167108355 3.53961516762769 1.34058103968607 1.19594943490347 1.62432897427327 0.762218746802655 1.03597078541484 0.871378020018458 0.74200338601102 0.696365189976774 0.147817655952329 0.268514578151527 0.125274887397111 -0.0998287429060862 0.00881505911738251 -0.1567702262405
OSS1415 18.3399850159972 -3.68226902918352 -2.89563730815261 0.256945985655209 0.0523978912544836 0.495519893112641 -0.219522867041945 0.00378434658718922 -0.263397245080703 -0.0227839780747994 -0.0693522205733984 0.00476589322305777 -0.00586542592400032 -0.00455719224004389 -0.000424610451858416 -0.0246470740587049 8.30849124570887 0.176884180052482 2.03330489330906 0.29589393760173 0.889207779708683 -0.332282166897959 0.185270944459108 -0.170283534529531 0.168496663702518 -0.0218506942100903 0.131566748076717 -0.0281526264757541 0.0568745428972098 -0.0271207763352347 0.0265210740804875
OSS1416 77.4995985751628 -0.848573934304564 -2.03979003764062 2.39349183434706 -0.822499236560221 3.04024299261983 0.501238494224438 1.84786221094254 0.278915890377867 0.320818245957273 -0.15800145112088 -0.0335493325226378 -0.166739521673267 -0.0685167165704725 -0.0982059312147747 -0.0336849634174811 25.0137710907679 3.34916146745144 8.46259401845757 1.93272373170587 1.942504508389 0.687884691016008 -0.477349600816875 -0.157026862175307 -0.627641449475256 -0.160339566731472 -0.275973593460654 0.00987445743297079 -0.0919506028553509 0.0642585960325795 -0.0278449879749022
OSS1377 24.4419809804628 -5.9896920640704 -1.33899696688479 0.248502879633144 -1.12990938422483 -0.830447424240316 -0.469595188148413 -0.190717776540245 -0.0107634669225278 -0.0549992166438806 -0.0291455085105157 0.0510957782175085 0.0256600578548811 -0.0166408866567099 -0.00843014583112971 0.00454513958284407 1.28246130434555 3.2851557598716 0.725437736588995 -0.15508639620461 0.372677823243392 -0.107745180155786 -0.077994089192254 -0.258256398243379 -0.212445443217975 -0.0285230179119572 0.0324874113057471 -0.0123578776115458 -0.0099423426297783 -0.0139908509060369 -0.00407264666492091
OSS1379 37.2334804480519 -9.08607887409505 3.60288972094402 -4.03075564685364 1.20747110225235 -0.0676046892547466 0.900890804049262 1.29742978498204 0.46990527425346 0.536578102715914 0.141906001632796 0.0383023537301111 0.0921076947120923 -0.0372407497805858 0.0498119075275348 -0.00302896562786707 14.9852899116262 3.01762696311806 4.47016121311829 4.57526853946158 1.18015285250635 1.99870588755888 0.143841088808792 -0.0152398436172776 -0.0726945891887962 -0.3071612994056 -0.0504425621024662 -0.171765899973411 -0.0783743811290609 -0.0205433081081106 -0.0753191694883463
YORK1359 44.0231335253034 -10.9786637356491 0.824602763609773 -5.12827188039608 -1.30484103935223 -0.28020862056535 -1.12413831988563 1.39120001000959 -0.552079802716674 -0.574195394257173 0.377872647937571 -0.420038988090704 0.922990131762963 0.902216957129047 -0.0583452554259433 1.08841967598086 10.003192388252 2.74355459450445 -0.343240719985158 1.18949572646026 -1.8854585507398 1.1558505132446 1.43407376514524 0.549563321661621 0.969978367308043 -0.183024719374139 -1.18064328661951 -0.162206829814402 -1.39489443496429 0.103977294743506 -0.0036562625317084
YORK1337 37.8541803596015 -7.19734907827908 -2.11093949499794 -6.47336257708957 -0.642987379941504 -0.988636638667428 1.91872884274169 0.516299520954996 1.63040729850295 1.39262847815586 0.607619324453113 1.54839291453497 -0.00842586215487262 1.04099052522616 -0.277049916112633 0.531538504214266 10.5914020071008 0.795881977838448 2.21586456710178 -1.12894109037031 -0.0331631192284141 1.23298503062731 -0.261752871640128 1.44898672338526 -0.439754369477414 0.811096928331359 -0.184291542835825 0.614837287470248 0.480327678064221 0.378039271133314 0.727731623128512
YORK1 80.8656120595207 -5.93344119361999 -5.52849528180853 -2.79964161215038 -2.04633021223338 -1.66695870912882 0.531750010173747 1.19946897249908 1.64219621044645 1.36453260374323 1.86904260741668 1.15136691020918 1.35368382985393 0.460687605426736 0.47783924356623 -0.051037199600237 25.6643035818076 -2.73559242087555 5.83893596285158 0.0327364570949869 4.3664440645271 1.0260997469762 1.37911573356666 -0.297431825032089 0.449740465063712 -0.820562660004728 -0.265748494678378 -0.785821664527105 -0.131300967759428 -0.73308602439134 -0.129680215425967
YORK2 16.410852050301 -4.34262643772901 -1.43379269480878 -1.41732433265403 0.124781646939416 -0.751908133400206 0.762221235210526 -0.077717043075398 0.201112620968212 -0.107880385781813 0.00839816608553739 -0.0515006849685696 0.0108871353828734 0.0103912776405294 0.00319401981676097 0.0356878200078733 9.25912712849775 0.283931224734907 2.85601188519369 1.14106613443154 2.24871849747749 0.0463431474546931 0.809343319944116 0.366280776076291 0.104210426213559 0.205661447371626 0.0924199518731247 0.0846041574539435 -0.0034707919891409 0.0519001540933969 -0.00569545660909822
YORK4 22.5825080166986 -5.71472908975226 -2.4593920367566 -1.97882495463851 -0.782873375257791 -1.75920884196549 0.382138854479395 -0.447900661927459 -0.141270017686813 -0.291861824424518 -0.0345889584341687 -0.134177497844497 -0.0391533267649594 0.00800200142892586 -0.0449661432196341 0.000206464579743677 12.2188584075326 -0.329480138974369 3.86545006732474 0.8007033410329 2.25054377230349 0.170500994932953 0.486251321922715 0.42264888348625 0.0214827877623124 0.0620328943819276 0.0174894863350692 0.0663321904487777 -0.0010394463866988 0.0242650758226954 0.0282878560206827
YORK5 39.8380565938665 -6.65698295012604 2.03709221257664 -1.55908162919249 -0.879751553096028 -0.0337852941494929 -0.194629115977321 0.520552969220407 0.103517737787399 0.081337116572439 0.336440581685941 -0.0207905077691963 0.105585449364435 0.084041735728305 -0.0579922578775232 0.0342947678680379 10.0055916577759 2.18006123240679 1.78102856276242 1.34621151919214 -0.849996042041773 0.126618765941636 -0.0184308854334156 -0.482906969341291 0.172449374252652 -0.190897813825864 -0.0995547938625886 0.0771921299268083 -0.103657086646788 0.0746990770086323 0.0496129051981668
YORK6 37.5583761886503 -7.26274603523921 1.44016630557933 -1.69033547352928 0.863458485760786 -2.18402069785478 -0.317740982287617 0.857987989940692 -0.59981015071276 0.687729352172749 0.272438952417109 0.32138511334735 0.313190021427089 0.0685322008686048 0.17152795987682 -0.0351934474641376 9.99664005181136 1.29294602355134 -0.038205372926704 4.04050245561529 0.395129526134649 1.06494641663077 0.13201777478928 0.556304487846297 -0.322916593516722 -0.104179599723068 0.0711054753728108 -0.227265903067922 -9.0852865494996e-05 -0.109633465736232 -0.0807555626411018
YORK7 49.9266121378953 -8.40455686545372 3.37632394109874 -4.1744348510638 0.145614317620515 -0.581379183463133 -0.212933050234247 0.496441639896265 0.109448663868592 0.140834659515558 0.298622837389826 0.00309253348557621 0.148283584468224 0.0860028093576385 0.0194256203497626 0.0768675019190768 13.9421255319503 2.84669672139009 2.04736915601378 3.35641963852321 0.232385068883555 0.880283285522198 0.438027967357238 -0.228014452487793 0.21217731877248 -0.0937963650974508 -0.0343842935937842 0.0340357424586318 -0.108504423975435 -0.00486312410586289 -0.032445273650815
